  -98.9517	   293.873	 0.0148528
  -342.417	    198.96	0.00211415
   99.3146	   384.679	0.00304126
   138.316	   261.642	 0.0109391
  -139.922	  -25.8488	    0.1192
   173.025	   52.3377	 0.0555512
   203.617	   307.727	0.00807635
    41.075	   352.584	 0.0110282
  -33.5064	   300.665	0.00799674
   -123.09	  -204.224	 0.0244557
  -334.179	   211.513	0.00314071
  -116.374	  -198.709	 0.0520953
   261.457	  -155.381	  0.010793
  -177.699	   206.306	   0.04472
   350.437	   172.625	0.00309615
  -269.582	    121.17	 0.0155641
  -125.898	  -165.582	 0.0113639
   142.319	  -59.9841	  0.115608
   304.822	    -41.06	 0.0108552
   223.732	  -260.095	 0.0094091
   151.516	  -251.776	 0.0103949
  -208.952	  -254.417	 0.0219414
   28.2112	   -120.33	  0.183162
  -264.945	   87.4052	0.00981829
   40.7813	  -208.501	 0.0180516
   273.042	  -258.342	0.00730404
  -68.7072	  -156.679	  0.036959
   104.267	    1.6733	  0.246725
   89.1293	   370.209	 0.0102658
  -87.2211	  -298.179	 0.0289269
   255.512	   -111.18	 0.0151975
  -198.773	   235.409	0.00966307
  -145.894	  -257.396	 0.0170634
   109.388	  -43.7581	  0.130223
   199.606	   -183.31	 0.0181759
   -5.0312	   125.778	  0.208516
   265.783	   250.354	 0.0101997
  -16.3989	   188.305	 0.0124359
    126.18	   268.904	0.00703605
   57.6329	  -353.147	0.00662483
    234.66	  -225.704	 0.0115335
   307.888	   -237.56	0.00420614
   145.433	   186.532	 0.0183174
    69.073	  -223.833	 0.0528071
  -173.774	  -27.7646	 0.0659224
   112.427	  -141.513	 0.0333487
   -376.44	  -46.3436	0.00617833
    153.44	  -144.096	 0.0218707
   -312.37	  -18.1032	 0.0128245
  -239.084	   148.355	  0.014112
  -343.119	   57.8977	0.00992424
  -176.988	   -5.0227	 0.0158284
  -88.0462	   334.599	 0.0108892
    131.46	  -63.2358	 0.0291539
    9.8036	  -371.335	0.00309121
  -31.2827	  -94.8813	  0.159605
   101.906	  -31.4593	 0.0173502
   -215.65	  -164.906	  0.027984
   305.497	  -226.811	 0.0103372
   19.2543	   323.194	 0.0138252
  -275.327	  -87.3354	 0.0129843
  -58.3354	  -191.967	  0.031042
  -139.383	  -316.441	 0.0210693
  -136.941	   125.313	 0.0444274
   40.2473	   328.571	 0.0125294
  -64.8039	  -52.5345	  0.312584
   201.165	  -49.9068	 0.0329215
   153.057	  -192.152	 0.0201116
  -336.365	  -170.421	0.00598561
  -378.986	  -40.9892	0.00452856
  -302.422	  -217.422	 0.0084353
   247.879	  -115.365	 0.0163354
   297.444	  -254.845	0.00291895
   70.2084	  -348.186	0.00979785
   148.878	   223.228	 0.0307003
  -216.409	   207.565	 0.0100795
   293.157	   197.574	 0.0125508
    2.1575	    61.731	  0.595479
  -166.353	   11.0239	 0.0230865
  -364.961	   -85.429	 0.0116994
   291.205	   252.843	0.00456087
   121.768	  -204.477	 0.0159068
   396.501	   -4.2358	0.00199727
   111.086	   269.698	 0.0161891
   -214.26	   271.189	0.00462934
   -296.29	   144.115	   0.01557
   377.985	  -92.2786	0.00583447
  -391.181	   82.8292	0.00234529
    70.337	  -270.092	 0.0158709
   226.176	   235.834	 0.0122602
  -255.619	  -17.4654	 0.0247249
  -12.9888	   232.663	0.00617149
  -96.2838	  -119.808	 0.0912233
   173.503	  -263.643	 0.0140149
  -260.031	  -188.513	 0.0157086
   286.485	  -90.5518	 0.0129802
   -185.43	   229.289	 0.0164198
  -48.3411	  -232.349	0.00735309
      -7.9	   -356.97	 0.0069937
  -114.043	  -219.104	 0.0111921
   227.526	  -88.8818	 0.0299119
   -263.98	   185.013	 0.0138849
  -371.127	   14.5736	0.00861965
  -103.195	   201.472	0.00949237
  -182.296	  -317.734	 0.0074456
  -99.4882	   163.213	 0.0207778
   74.4622	   323.227	0.00996129
  -330.392	  -30.8135	 0.0163305
  -100.364	  -0.97654	  0.174688
   362.739	    2.9799	 0.0105368
   158.843	   254.209	0.00539776
  -155.601	   153.461	 0.0416451
   12.1469	  -15.0754	  0.282732
   156.227	   -2.3886	 0.0415027
   116.306	   271.838	0.00345884
   121.092	  -26.0396	 0.0106397
  -192.043	    232.21	0.00497605
  -288.396	   210.505	 0.0176342
   212.887	  -332.351	0.00579819
  -240.016	  -154.921	 0.0258283
   32.1292	   328.042	0.00725872
  -107.323	   262.563	 0.0114891
   195.001	   260.079	 0.0144411
  -34.2536	   118.146	    0.2387
  -118.713	  -369.864	0.00475444
  -44.9203	  -18.6381	  0.550988
   255.489	    -37.14	 0.0260373
  -211.946	  -20.8476	 0.0441028
   287.239	   106.752	 0.0125364
   316.687	   191.468	0.00569056
  -101.211	   115.782	 0.0159037
   366.827	   68.5086	0.00749604
  -240.888	   42.5195	  0.033255
  -130.467	   -277.27	 0.0159196
   209.502	   204.818	0.00710529
   -3.6019	  -274.091	 0.0278567
   104.762	    217.68	 0.0491697
   171.151	   338.419	0.00710565
   108.806	  -26.6955	 0.0270571
  -275.158	  -53.8647	 0.0105734
   242.593	   306.205	0.00195637
   135.322	   170.296	 0.0596913
   197.956	  -196.315	 0.0119902
   -6.6544	   363.212	0.00608584
  -87.4198	  -160.079	 0.0333654
   234.006	  -247.895	 0.0106493
  -256.918	  -239.505	 0.0175572
   82.6195	  -276.853	  0.012366
   275.646	   57.4132	 0.0107627
   196.501	   96.8596	 0.0144737
   257.349	   84.0519	0.00916851
   191.146	  -89.8277	 0.0142886
  -329.917	   146.919	0.00720466
  -262.495	   72.3185	 0.0176464
  -135.194	  -54.7089	  0.013949
    7.2743	  -68.9506	  0.255903
  -161.107	  -204.923	 0.0203048
  -175.928	   256.047	0.00566634
   339.648	  -66.2484	 0.0119766
  -136.815	   56.6688	 0.0539822
  -383.309	  -48.8434	 0.0016809
  -106.569	   329.413	0.00763297
   -181.09	  -100.988	 0.0039411
  -316.301	   131.722	 0.0129703
   128.048	    261.68	 0.0119929
  -276.785	   172.106	0.00966452
   49.0617	    127.84	  0.145095
  -50.7942	   14.5897	  0.172204
   135.794	  -109.335	 0.0663156
   161.264	  -222.635	 0.0107616
   332.713	   203.047	0.00327047
  -381.674	  -97.3525	0.00212349
   194.924	   14.8902	  0.009524
   41.8852	   -176.82	   0.11128
   111.783	   148.423	 0.0303014
   92.6837	  -51.4816	0.00537137
   255.165	   63.1276	 0.0223325
  -113.051	  -258.327	 0.0131655
   151.067	   13.6692	0.00613097
   -224.27	  -331.106	0.00202105
   -337.68	   50.4819	 0.0150313
  -326.127	  -122.989	 0.0131401
   33.5459	  -132.308	0.00658981
   96.5516	  -40.1556	 0.0433993
   174.352	   77.1288	 0.0746165
   123.414	   363.563	0.00571519
  -124.778	   356.984	0.00615473
   199.236	   332.798	0.00447032
  -223.827	   106.572	 0.0281189
  -75.3943	  -355.105	 0.0103838
   32.7211	   271.564	 0.0441909
  -148.799	  -277.997	0.00299208
  -246.693	   -298.32	0.00769534
  -106.211	   198.684	 0.0120053
   -156.93	  -30.6895	 0.0420595
   134.756	  -130.676	 0.0327671
   274.622	    177.73	 0.0166419
   375.971	   45.2783	0.00539905
  -73.5427	   -90.916	 0.0941488
   -242.14	  -48.1924	 0.0148107
   -169.27	   219.445	 0.0100402
  -11.8394	  -21.9059	0.00374802
  -224.155	   50.1785	 0.0550777
  -16.5079	   144.171	 0.0284389
    2.7969	   104.336	  0.182477
  -340.906	     171.8	0.00717367
   176.886	   296.502	 0.0118333
  -206.543	  -293.987	  0.012869
   245.796	   141.663	 0.0414902
   212.568	  -153.317	 0.0387327
   23.3023	   58.6095	 0.0519475
   239.023	   285.168	0.00464241
   165.901	  -350.925	0.00642638
  -174.126	  -129.301	 0.0550336
  -231.083	   210.615	0.00583567
   181.326	  -46.9483	 0.0171057
  -302.334	   160.112	0.00468249
   120.936	   327.921	 0.0118588
  -341.611	  -75.6928	 0.0116126
   276.375	  -21.9985	0.00853018
   340.773	   153.007	0.00697834
  -242.462	   33.2681	0.00513396
  -244.738	  -188.261	 0.0133056
  -350.788	  -138.124	0.00338526
   172.439	  -360.315	 0.0020696
    31.863	   68.8047	 0.0095355
   163.495	  -43.4303	0.00333396
   125.226	  -90.4983	0.00729853
  -267.782	   42.9253	 0.0126017
   306.399	  -91.8324	 0.0141816
   210.644	  -214.619	0.00727137
   282.278	   -18.906	 0.0071047
   116.201	  -203.744	 0.0336639
   165.053	   95.4839	0.00992982
   133.572	   49.1736	  0.127052
   66.3229	   -334.82	 0.0161484
  -188.071	   85.6097	0.00897052
  -69.8833	   37.5836	  0.151853
   212.422	  -229.348	0.00478699
    88.577	   42.4465	  0.268775
   117.891	  -51.0717	0.00187336
   223.501	  -308.478	0.00600416
  -141.174	   373.842	0.00204872
  -182.258	   29.6671	 0.0098802
   18.1688	  -225.067	 0.0331574
  -105.105	   120.212	0.00680345
  -177.074	   214.363	0.00705177
  -284.773	   61.5546	 0.0264726
   40.4639	   290.922	 0.0117366
  -195.929	  -175.196	 0.0296886
   142.339	  -268.469	 0.0107207
  -133.189	  -211.992	0.00178286
   220.526	  -54.3593	 0.0100578
  -95.5103	   114.583	 0.0252815
   171.694	   334.017	0.00327731
  -152.981	  -100.189	 0.0151777
   319.386	   170.327	0.00678049
   355.715	    -115.4	0.00600472
   79.0097	  -18.2807	 0.0396521
  -171.226	  -243.939	0.00983105
   33.4982	  -25.1139	  0.070017
  -122.481	  -235.643	0.00633393
  -98.9463	  -355.186	0.00622401
   139.998	  -54.4944	0.00181831
  -339.669	   -4.4528	 0.0096345
   385.165	    56.557	0.00190643
   -118.65	  -116.224	  0.053376
  -52.6147	   -82.572	  0.136191
   201.106	  -177.129	 0.0115139
   272.764	   222.709	0.00876302
   53.7832	   302.055	0.00185128
   331.574	  -213.615	0.00198535
    54.934	  -55.4153	 0.0823979
    116.71	    237.54	 0.0101337
   263.765	   240.425	 0.0019529
  -266.213	  -133.885	0.00613882
   157.125	  -58.8058	 0.0178794
   81.3352	     367.1	0.00345404
  -44.3656	  -194.212	0.00717095
  -72.4091	   264.148	 0.0114859
    10.373	    341.57	0.00470182
   124.417	  -263.865	0.00895823
  -63.6409	  -310.891	  0.014042
   -339.96	  -31.6137	0.00434749
  -347.714	   97.4479	0.00448796
  -367.524	  -119.636	0.00214516
  -251.382	  -177.908	0.00463509
  -285.693	  -190.612	0.00875071
  -109.086	   15.0782	  0.045408
  -91.2539	   -56.845	0.00839488
  -108.159	  -69.7493	 0.0192535
   246.982	  -280.111	0.00331112
   161.301	   218.256	0.00974844
   128.162	   150.136	 0.0169993
  -233.515	  -68.3453	 0.0300465
  -316.499	   229.328	0.00300423
  -13.2055	  -52.0673	 0.0304249
    67.319	   75.2063	 0.0771669
   116.813	  -110.087	 0.0238207
  -108.072	   33.9586	 0.0113017
   116.933	  -80.2498	 0.0294418
   -5.7152	   67.5736	 0.0593765
   175.342	   149.365	0.00599995
   238.439	  -161.304	0.00219957
   228.371	  -162.131	0.00221762
   286.508	   171.184	0.00815823
   220.181	  -330.859	0.00318603
  -92.7739	  -14.5047	 0.0746425
  -247.989	  -95.9731	 0.0215078
     5.857	  -69.5276	0.00608851
   274.004	  -212.729	 0.0129329
    41.932	   46.2589	  0.210375
  -291.891	   249.143	0.00536805
  -147.331	  -236.829	0.00204846
   18.6106	    7.2331	  0.416487
   317.182	   -38.832	 0.0152404
  -91.5887	   46.2483	 0.0652051
  -103.551	  -354.185	0.00219055
   234.539	   243.875	0.00191127
   39.4159	   -9.0611	0.00415429
     147.8	   370.579	0.00225716
    142.74	   114.929	 0.0728168
  -61.4597	    132.54	 0.0478936
   336.825	   63.8602	0.00998769
  -285.983	  -222.869	0.00473114
   85.6602	  -295.065	 0.0116772
   191.596	    7.8546	0.00326901
  -101.741	  -357.614	0.00188263
   259.476	   148.959	 0.0128365
   367.403	  -12.0379	0.00847397
   230.381	   204.019	0.00598465
   178.261	  -188.301	0.00352413
   150.721	   345.859	0.00199097
  -327.801	   57.8211	0.00769235
   63.1983	   260.228	 0.0106197
   136.985	  -208.394	0.00296205
   -123.99	  -328.259	0.00337323
   260.051	  -187.756	 0.0143619
   212.317	  -256.409	0.00732413
   32.4352	   272.663	0.00669697
   269.043	   34.9485	0.00853679
   245.361	  -101.934	0.00476259
  -59.8108	   171.825	0.00768593
  -274.305	   31.1441	 0.0110934
   49.0052	   13.7161	 0.0498586
  -235.777	   -246.22	0.00740346
  -109.487	  -10.4571	 0.0125668
   78.2748	   321.675	0.00221493
  -30.9197	  -323.444	 0.0178498
  -291.846	  -229.517	0.00205648
  -202.121	  -203.454	  0.011418
  -15.5401	  -370.197	0.00326274
   178.479	   292.775	0.00362705
   27.6852	  -136.138	0.00284168
  -198.724	  -343.213	0.00213414
  -331.511	   11.1628	0.00580251
   72.6642	   202.098	 0.0178459
    8.4169	   44.9489	   0.09623
  -174.782	   224.576	0.00155086
  -45.2504	   285.647	 0.0139823
    146.77	   25.8753	 0.0108227
    13.294	   73.9701	 0.0267691
   188.227	   25.0764	 0.0290619
   358.532	  -95.0159	0.00586459
   52.2672	   -315.96	0.00606715
   104.279	  -104.818	 0.0560503
   168.056	   174.088	0.00919091
  -250.896	  -149.548	0.00317808
  -61.2459	  -77.8598	0.00187239
  -319.889	  -178.846	0.00361009
  -58.2137	  -184.524	0.00475299
   109.102	  -361.594	0.00596003
   327.969	  -83.8017	0.00443101
  -162.645	   0.84985	 0.0108783
   -49.285	  -352.801	 0.0057586
  -288.144	   162.925	0.00201274
   146.945	   345.373	0.00225312
  -172.799	  -38.6842	0.00304531
   301.257	  -241.737	0.00178968
   57.9005	  -79.1688	0.00893449
  -70.3442	  -248.893	  0.032979
   158.253	   162.688	0.00190097
  -187.421	  -64.2759	0.00750423
  -251.851	  -166.622	0.00197912
   102.031	  -348.488	0.00325895
    357.89	  -116.875	0.00211811
  -50.9151	    220.57	 0.0105046
   195.139	   210.494	0.00476421
    40.599	   226.762	 0.0575583
   273.599	     15.04	0.00339124
  -18.3218	   -48.088	0.00202963
   171.347	   202.021	0.00342615
  -30.5567	   380.638	0.00224394
   56.9783	  -118.947	 0.0538505
  -294.579	   17.6138	0.00783176
  -336.954	   60.9747	0.00306508
  -318.819	  -61.9156	0.00744519
   131.561	   247.381	0.00544096
   289.277	   213.494	0.00171199
   273.937	   204.967	0.00202756
   53.6758	   80.1396	 0.0237382
  -301.872	  -132.474	0.00997083
   376.984	    9.1141	0.00187883
  -143.666	   42.3715	 0.0359415
  -124.593	   116.395	 0.0391672
   69.8735	  -72.5473	0.00899836
  -189.952	  -289.725	0.00358509
   170.817	  -37.2005	 0.0321069
  -159.965	  -335.675	0.00200655
  -238.508	  -306.793	 0.0019604
  -184.523	  -276.987	0.00209043
   124.599	  -67.5879	 0.0019358
    83.853	  -286.982	0.00294054
   238.412	   220.677	0.00184054
  -267.553	  -204.464	0.00193069
   252.387	   307.665	0.00242992
  -74.3769	   66.6498	 0.0198636
  -147.585	    184.36	 0.0282021
   20.5265	   156.482	0.00588541
  -34.2926	  -94.7807	0.00201198
   304.638	   123.558	0.00908493
   -3.9348	   267.725	 0.0531945
   90.4153	  -288.497	0.00177012
   122.923	   182.993	0.00177412
  -33.3685	  -195.495	0.00326719
   301.812	   152.998	0.00219683
  -169.841	   156.512	0.00803298
   55.9311	   323.299	 0.0113354
   203.557	   112.504	 0.0358092
  -355.722	   74.4076	0.00169243
   294.876	  -73.1831	 0.0033954
   338.643	   129.832	0.00213814
   61.2963	   269.205	   0.00779
  -245.189	   -3.8568	0.00219253
  -156.238	  -95.2098	0.00319328
   95.1696	  -286.876	0.00175413
  -176.894	  -168.277	 0.0271857
  -56.7898	   328.921	0.00693756
   70.9447	    95.938	0.00341885
   77.5141	  -388.007	0.00212036
  -328.455	   155.879	0.00169867
   48.1108	   51.4664	0.00210402
   101.928	   64.9924	0.00322282
   205.796	  -293.431	0.00331627
  -34.3363	  -353.107	0.00329564
    203.28	   205.405	0.00224262
  -174.087	   61.9853	0.00471436
   128.559	  -297.768	0.00589436
   252.511	   76.7334	0.00600925
  -48.3851	  -29.7053	 0.0100788
  -93.1769	  -87.8706	 0.0363054
  -189.966	  -41.1713	 0.0458268
  -68.6629	   83.1076	0.00984493
  -25.0739	  -368.671	0.00202277
  -277.388	  -18.8727	 0.0142417
   236.278	  -187.155	0.00196193
  -42.8338	  -249.031	 0.0195857
  -295.896	   23.3819	0.00385852
   271.888	   275.864	0.00177578
  -357.371	  -22.6693	   0.00209
   333.399	  -176.818	0.00216306
  -135.943	   -203.52	0.00905257
  -180.201	    3.3269	0.00985576
  -84.1697	  -314.949	0.00310292
   325.717	  -69.2915	0.00417806
   346.216	   -103.19	 0.0018831
   -122.29	   92.0815	 0.0021269
  -197.299	  -63.2651	0.00356353
  -124.919	  -13.3044	  0.090565
   40.2035	  -151.677	 0.0340824
   392.793	   43.4137	0.00191286
   92.8613	  -384.025	0.00221175
   330.628	   95.7174	0.00440778
  -58.8126	  -328.719	0.00735606
  -171.654	  -204.069	0.00240179
  -244.288	  -291.873	0.00219826
   115.818	   -256.61	0.00895604
  -284.157	  -16.2314	 0.0151907
   -20.709	   152.343	 0.0457485
  -166.274	   -306.06	0.00207254
   174.281	   195.947	 0.0148387
  -142.846	     285.2	0.00445023
  -49.4044	   300.762	  0.012264
   226.094	   82.5387	 0.0198084
  -86.6074	   118.045	0.00213745
   384.949	  -57.1172	0.00207604
    101.62	  -157.918	 0.0501307
   -6.8294	   193.548	0.00334614
   191.477	  -150.148	0.00351943
   177.897	  -75.0185	0.00217373
   24.5282	   -260.48	0.00494362
   156.691	    -132.6	 0.0448341
   252.668	  -137.627	0.00712674
    -116.9	   -79.109	 0.0586023
  -320.069	   156.789	0.00184767
  -367.402	    65.981	0.00322103
  -235.292	   20.9765	 0.0114585
   203.326	  -86.7077	0.00185819
   179.775	  -181.957	0.00464127
  -286.386	  -244.405	0.00197718
  -172.443	  -306.616	0.00219401
  -351.149	   176.055	0.00196026
   217.602	   216.341	 0.0141837
   100.506	   120.182	  0.135163
   187.715	  -225.417	 0.0187587
  -255.234	  -50.7811	0.00999366
  -325.994	   212.611	0.00482536
  -46.1331	  -297.511	 0.0158641
  -173.934	   58.9491	 0.0400939
   370.058	   147.023	0.00200446
    8.4147	    187.61	 0.0677059
   70.0605	  -389.071	0.00210736
  -78.4525	    9.8033	 0.0911033
  -374.061	   -9.7019	0.00191609
   193.651	   49.3083	0.00197044
  -313.282	   127.528	0.00208332
   140.384	  -216.348	 0.0156645
    67.463	   379.817	0.00203665
  -225.302	   190.905	0.00492314
  -92.5501	   195.848	0.00310496
  -119.653	   69.5574	0.00229804
  -154.244	   293.554	0.00230962
   44.7704	   385.825	0.00216286
  -214.379	   283.445	0.00339489
   -68.238	  -113.391	  0.039057
   57.0326	  -109.691	 0.0250537
   129.904	  -142.946	 0.0016646
  -313.243	   231.766	0.00173567
   73.4427	   332.037	0.00326936
   127.833	  -236.168	0.00198013
   304.768	  -156.934	0.00621766
  -112.003	   -304.81	0.00201542
   17.9118	   77.9939	 0.0463097
   67.4232	  -206.688	0.00208053
   312.592	   47.1487	 0.0211895
  -72.5417	   160.586	 0.0210246
  -28.5598	  -41.5999	0.00828235
   73.5281	   95.6876	0.00209778
   336.543	   118.171	 0.0021558
   103.667	   58.4226	0.00203066
   96.3662	  -336.406	0.00335515
  -252.709	  -116.975	0.00191161
  -73.2882	   262.694	 0.0248252
  -103.129	   291.727	 0.0067893
  -173.683	  -105.231	0.00204695
   303.902	  -60.1787	0.00194669
  -272.237	   291.036	0.00223478
   113.506	  -155.039	  0.018271
   55.1474	   -193.82	0.00459555
  -266.688	  -47.7243	0.00181666
  -97.7823	  -40.4709	 0.0407831
  -129.019	  -63.4183	0.00644844
  -269.204	  -276.486	0.00217083
   328.704	  -226.681	0.00178607
  -19.4631	  -72.7219	 0.0430627
  -208.843	  -238.196	0.00344716
   154.112	  -326.306	0.00503553
   309.012	  -100.305	0.00221105
   122.915	  -35.3964	 0.0133052
  -101.945	   32.9427	0.00201558
   84.1557	  -273.747	0.00192194
   250.648	  -182.632	 0.0021429
   -213.23	   211.628	0.00174022
  -12.6278	  -353.193	 0.0033217
   232.639	    -5.519	0.00997833
   192.033	  -284.473	0.00606057
   203.249	  -182.006	0.00185471
  -274.245	  -182.511	0.00180745
   16.4494	  -234.363	0.00192303
  -308.181	   215.985	0.00470716
   199.088	   -38.248	 0.0322859
    183.99	    201.31	 0.0128393
    196.57	   217.016	0.00221028
   200.941	   185.465	0.00484523
   319.437	  -208.081	0.00188032
  -40.1785	   -316.13	 0.0099849
  -131.312	   209.052	 0.0124611
   -94.806	   73.1915	 0.0411775
    4.1989	   233.378	0.00209534
   155.771	   193.192	0.00192952
    368.47	      63.3	0.00318975
  -183.907	   62.1765	 0.0204951
   204.836	  -262.753	0.00212082
  -251.725	  -255.957	0.00174786
   57.5081	    38.369	0.00318495
  -50.8972	   342.393	0.00217365
  -170.351	     -7.34	0.00201015
  -141.279	  -32.9575	 0.0021093
   -27.415	  -350.644	0.00201112
    234.99	  -13.2203	0.00341144
   315.837	   241.249	0.00207515
  -284.791	  -135.711	0.00330854
   283.632	  -147.963	0.00200313
  -248.332	   116.585	0.00412677
   166.431	   -54.202	0.00202823
  -278.945	    -135.6	 0.0144682
    9.9874	   315.031	0.00583095
  -146.292	  -121.377	 0.0221196
   51.5297	   -124.03	0.00176661
   15.2778	  -131.426	0.00206885
  -266.238	  -39.9897	0.00595243
  -201.822	   234.219	 0.0017295
   366.505	  -19.2044	0.00468949
  -261.418	   156.436	 0.0019367
  -149.755	  -129.517	0.00199681
  -216.485	   196.437	 0.0022183
  -243.113	   121.364	 0.0160895
  -30.9192	  -347.622	0.00191399
  -260.001	  -280.101	0.00229737
  -255.999	   251.825	0.00512402
   143.996	  -327.347	0.00892804
  -316.935	   214.843	 0.0021699
  -128.724	   298.797	 0.0070935
   225.794	  -233.317	0.00604691
   158.704	  -329.871	0.00240433
   261.292	  -54.4722	 0.0205882
  -153.138	   270.191	 0.0024505
  -34.7715	  -334.805	0.00193837
   91.6774	  -175.418	0.00222745
  -354.678	  -85.3627	0.00210606
   -260.18	  -87.5875	0.00317451
  -84.9235	  -249.793	0.00237745
  -114.177	  -161.545	 0.0140493
  -320.005	   47.5006	0.00215429
  -257.677	  -292.045	0.00205396
   283.686	    86.707	 0.0204672
   259.633	    155.91	0.00158372
   247.675	   222.348	0.00472145
  -240.609	   185.011	 0.0171949
  -219.609	   87.3731	 0.0484306
   -369.37	   25.8723	0.00201264
  -11.2113	  -13.4823	 0.0469143
   54.6462	   373.581	0.00207865
  -210.941	  -123.466	 0.0236528
   44.1455	   137.556	0.00204889
   -4.2078	   123.203	0.00194302
  -236.689	  -252.453	0.00194087
  -215.997	   222.585	0.00174187
  -40.6849	   17.4252	 0.0437479
   205.787	   118.259	0.00204019
   200.485	   134.276	 0.0020036
  -66.6001	  -306.221	0.00325856
  -148.381	   -297.56	0.00201393
   163.058	   147.421	0.00445611
   120.325	   380.864	0.00168515
  -227.703	  -220.025	0.00225017
   95.9583	  -81.7275	 0.0307126
   30.1288	  -91.8891	  0.010224
  -192.089	   143.691	 0.0156986
   177.423	   -177.65	0.00200855
  -56.0283	  -126.274	0.00796836
  -316.778	  -217.505	0.00194961
  -317.058	   20.2004	0.00869086
  -123.611	  -371.924	0.00209632
   367.472	   148.965	0.00193478
   102.868	   23.6465	0.00183695
   -64.374	   136.789	 0.0020063
   -173.34	  -355.421	0.00223658
  -296.439	   126.916	0.00207283
  -121.507	   203.668	0.00177204
  -164.244	  -232.067	 0.0211221
   -163.79	    32.846	0.00200861
  -11.9283	  -353.603	0.00190882
  -11.6628	  -114.103	0.00704126
  -299.853	    181.86	0.00475581
  -254.544	   45.8155	0.00164432
  -228.058	   252.123	0.00205966
   312.868	   59.8519	0.00626094
  -51.1349	   113.467	0.00210309
  -110.285	   345.406	0.00186651
  -46.5192	    9.3961	 0.0105271
   205.227	  -246.818	0.00343199
   308.486	  -75.3517	0.00297575
  -351.358	   75.5959	0.00170698
   -159.06	    89.389	0.00209303
   163.893	   342.498	0.00201408
  -354.774	   135.704	0.00207309
  -31.1317	   370.297	0.00205675
  -225.732	  -197.678	 0.0178596
  -300.115	  -82.7228	 0.0019984
   244.691	   -85.816	 0.0020974
   176.776	   -188.45	 0.0021371
   53.0202	  -260.471	 0.0184659
   -38.484	  -0.99011	  0.120061
  -71.3988	   266.944	0.00301706
   69.6082	  -37.6475	 0.0445768
  -196.638	  -57.5839	 0.0059723
  -180.096	  -22.5591	0.00170091
  -145.969	  -50.2853	0.00750266
   177.975	   128.938	0.00225993
  -182.195	    9.0482	 0.0019656
    229.02	   300.059	0.00211904
   31.7004	   38.4051	 0.0681393
   161.877	   290.214	0.00721152
   295.315	  -202.426	 0.0033847
  -219.696	  -304.759	0.00195058
  -238.036	   136.344	 0.0184666
   263.427	  -165.982	0.00209861
   307.844	   96.5826	0.00342613
  -17.0129	   101.686	 0.0771207
   -2.8472	   222.725	0.00317329
  -51.6315	  -170.132	 0.0253233
  -258.287	  -90.6853	0.00183131
   262.234	   189.956	0.00600997
   104.142	  -287.483	0.00205407
   342.792	   15.7764	0.00486125
   115.066	   362.178	0.00205358
   256.089	  -180.096	0.00214515
  -283.763	   266.797	0.00217461
   56.4447	  -65.1484	  0.053144
   260.517	  -235.151	0.00185985
  -282.645	  -70.0315	 0.0113034
   273.154	   255.607	0.00197187
  -317.877	  -32.3239	 0.0020558
  -191.759	  -239.623	 0.0105008
  -203.607	   146.486	 0.0150259
   119.381	  -90.8451	0.00204874
   114.366	  -25.9584	 0.0201057
  -48.5325	   -140.98	   0.05111
   149.086	  -196.336	0.00185938
  -297.463	  -266.886	0.00234306
  -227.042	   111.649	0.00178775
  -48.7871	   -191.13	 0.0144044
    26.383	   316.447	0.00188623
    44.003	   297.386	0.00966643
  -19.8176	   174.627	0.00621375
    36.346	  -203.168	 0.0183492
   228.222	  -12.0364	0.00760904
    9.3306	   349.243	0.00181294
  -97.8734	  -275.581	 0.0286899
  -127.782	  -376.792	0.00196433
   163.403	   184.656	0.00187547
   162.329	   0.61691	0.00208296
  -207.702	   18.9805	0.00216288
  -65.1281	  -173.309	 0.0033161
   117.078	  -364.947	0.00210362
  -333.527	  -102.669	0.00192353
   295.942	  -16.9387	0.00537775
   -121.65	   -82.606	0.00219003
   99.1615	   14.5551	 0.0170087
  -83.5373	    375.77	0.00214486
  -190.595	  -250.109	0.00203759
   -304.24	    102.25	0.00462393
   370.602	   44.6691	0.00188916
  -153.462	   315.871	0.00218911
  -147.117	  -13.5201	0.00971106
   74.1004	   175.819	 0.0621002
  -200.477	   40.0929	 0.0350855
  -118.273	   360.772	0.00177757
    5.3757	  -103.327	 0.0261957
  -319.024	  -218.431	0.00197673
   62.8073	    1.2669	0.00788499
  -169.894	    25.594	 0.0535906
   271.183	  -120.524	0.00188097
   124.722	   200.948	0.00474243
   256.568	  -158.074	0.00928097
  -279.898	  -176.124	0.00189718
  -133.457	  -157.813	  0.018864
    14.491	   230.979	0.00203304
  -129.996	   73.2061	0.00202423
     52.25	  -222.053	 0.0128021
   222.175	  -76.0937	0.00197967
  -260.203	  -155.591	 0.0017987
   242.789	  -68.1655	 0.0110498
  -152.242	  -125.481	  0.022101
   -7.5737	   275.885	0.00201509
  -317.748	   50.6045	0.00222872
  -197.378	  -302.607	0.00239766
  -315.445	   156.314	0.00223265
   350.895	 -0.026223	0.00345694
   60.5267	    5.3526	 0.0962841
  -257.086	   122.982	 0.0133944
  -42.9886	  -156.361	0.00723944
  -18.8527	   -120.53	 0.0268544
  -102.361	   309.082	0.00203477
  -88.0484	  -246.615	 0.0153877
  -292.197	  -32.4876	0.00206038
  -93.7073	   265.045	0.00163782
  -158.563	    274.89	0.00239195
   107.529	    331.85	0.00198626
   178.006	    243.83	  0.002148
   260.471	  -137.401	0.00197958
  -140.096	      -277	 0.0064674
  -171.597	  -72.3535	0.00217955
   354.534	   29.4567	0.00333015
  -137.162	   364.704	0.00207131
  -68.2809	  -293.738	0.00229199
   -4.9737	  -120.468	0.00218632
    -7.065	  -265.545	 0.0021633
  -135.018	   242.426	0.00745324
  -266.309	   67.1272	0.00196539
  -369.589	  -83.2172	0.00193365
  -118.537	  -331.063	0.00207465
  -324.165	   12.0198	0.00198049
  -152.348	   106.744	0.00336506
  -259.467	  -98.2858	0.00889363
   260.217	    18.586	 0.0208313
  -198.397	  -224.359	0.00203129
   30.3299	  -237.141	0.00179013
  -316.949	    50.829	0.00220572
  -48.5352	   30.2605	 0.0140985
   205.449	  -78.9821	 0.0196186
  -154.852	   38.7011	0.00205116
  -68.3108	   23.0576	 0.0270104
  -166.795	  -10.0935	0.00194057
   302.166	   -211.05	0.00210475
   173.752	  -151.634	  0.032495
   167.227	  -351.271	0.00192822
   366.662	  -18.9837	0.00213038
  -219.932	   -1.8204	 0.0102427
  -77.3162	   205.729	 0.0311721
   68.9438	  -59.1722	 0.0589982
  -230.189	  -44.3718	 0.0291841
    161.23	  -46.4561	0.00850974
   32.8815	  -21.8269	 0.0723129
  -126.719	  -277.197	0.00198382
   166.967	  -175.946	 0.0244619
   75.3956	  -207.882	0.00214705
   -2.7678	   208.718	 0.0454375
  -138.287	   297.919	0.00219426
   68.6558	   132.101	  0.021543
   147.567	    150.14	 0.0151075
  -10.6455	  -189.742	0.00718707
  -238.603	  -12.3845	0.00201004
   393.406	  -37.5678	0.00221436
   340.345	  -32.6974	 0.0020468
   -142.37	   263.212	0.00218728
   74.6647	  -308.197	0.00687948
  -333.814	  -74.0457	0.00240674
  -196.163	   200.683	0.00169993
  -72.6849	  -224.089	 0.0247514
     231.6	   25.7869	  0.024602
  -151.969	   129.171	 0.0148199
  -313.894	  -242.948	0.00225759
  -281.054	  -190.737	0.00197387
  -196.212	   197.826	0.00172476
   129.988	  -298.667	 0.0023502
  -18.1607	  -334.616	0.00317656
   74.0706	  -281.974	 0.0166119
   325.325	  -120.563	0.00217479
  -161.597	  -36.8275	0.00166667
   137.682	   185.861	 0.0018687
  -308.844	  -65.1805	0.00985935
   144.736	  -40.4185	 0.0483339
  -115.779	   70.8871	  0.108149
  -39.8005	   162.206	 0.0327006
    -398.6	   25.8048	0.00203313
   32.4072	   194.134	0.00205147
   311.505	  -198.832	0.00211705
   213.949	  -297.888	0.00222341
  -369.531	   -76.226	0.00194795
  -261.195	   251.286	0.00225629
   -7.2834	  -76.8456	0.00189624
   124.654	   316.164	0.00486982
    113.33	  -73.4293	 0.0263348
  -231.118	  -35.4061	 0.0195846
   236.097	  -314.995	0.00197033
   141.653	  -266.161	0.00211826
  -23.6915	   -356.65	0.00170742
   110.281	  -208.783	0.00829586
   -229.72	   24.9138	0.00203546
  -354.867	  -26.0563	0.00201305
   293.579	   102.974	0.00191226
   221.753	  -24.9067	 0.0391119
   116.425	   373.057	0.00179497
   44.2837	   147.022	0.00218173
   366.979	  -144.874	0.00214401
   213.931	   109.467	0.00963328
  -101.947	  -302.434	0.00187503
   -366.43	   72.4035	0.00204272
   -191.98	  -215.599	 0.0020845
   44.9834	   280.303	0.00290632
   182.488	  -206.328	0.00176063
   179.947	  -208.192	 0.0073333
  -240.169	  -28.7703	0.00215611
  -31.9869	  -29.9911	 0.0769971
  -30.9677	    136.85	0.00983721
  -215.786	   -4.4288	0.00214977
   296.585	  -47.1867	 0.0152178
   46.7674	  -380.886	0.00189638
   52.0564	  -143.703	0.00435695
  -16.0772	   366.544	0.00216887
    226.21	  -79.0572	0.00208681
   333.389	   105.638	0.00200359
  -100.376	  -145.079	 0.0481461
     7.543	   130.166	 0.0645307
  -236.372	  -131.196	0.00206539
  -137.139	   203.041	0.00219574
  -242.629	  -152.275	0.00186075
  -281.918	   120.374	0.00462758
  -225.194	  -208.167	0.00219608
   170.065	  -88.4559	 0.0262322
    180.26	  -353.238	0.00181214
   77.6652	    373.51	0.00203387
   284.918	   -0.1982	0.00211841
   -253.13	  -33.6962	0.00187774
  -364.249	   42.2451	0.00192501
   337.246	   48.2414	0.00831936
   0.16272	   166.792	0.00210497
   374.601	   -6.1106	0.00155473
